A=[0.940570581933290,0.0806182727374568,-0.117552479513837,0.0509667624157223;-0.0165238185829255,1.00093156426891,-0.000824075792498101,0.0112462899244910;-0.0159005380855654,0.0238129099524324,0.959388528074429,0.0152981452363652;-0.0447290605393214,0.0969443585681447,-0.164611221158730,1.04481229060136];
B=[0.0251768697735328,0.00368529166081248;0.0216647279421562,0.00101809966085538;0.00687743190730536,0.000981137121196716;0.00447270320223991,0.00282110662725672];
C=[1.028496598939562,0.823856511477675,-5.900724364936162,0.412345400443443;6.651275523216340,-5.520237409250164,-4.450139236931461,-3.825941942038099];
D=[0,0;0,0];